1 0.5 0.34615384615384615 0.1814903846153846 0.3137019230769231
2 0.8725961538461539 0.04567307692307692 0.052884615384615384 0.09134615384615384
1 0.8774038461538461 0.4651442307692308 0.2403846153846154 0.46875
1 0.3016826923076923 0.04807692307692308 0.15264423076923078 0.09615384615384616
2 0.4098557692307692 0.051682692307692304 0.051682692307692304 0.10336538461538461
1 0.12620192307692307 0.5168269230769231 0.25240384615384615 0.3449519230769231
1 0.4170673076923077 0.5961538461538461 0.27524038461538464 0.4411057692307692
1 0.5252403846153846 0.07572115384615384 0.12259615384615384 0.15144230769230768
2 0.9483173076923077 0.15144230769230768 0.07091346153846154 0.1935096153846154
1 0.7920673076923077 0.15745192307692307 0.17067307692307693 0.23798076923076922
1 0.34134615384615385 0.171875 0.15865384615384615 0.21394230769230768
1 0.5673076923076923 0.18269230769230768 0.15625 0.22115384615384615
2 0.09735576923076923 0.27403846153846156 0.09134615384615384 0.17548076923076922