1 0.4807692307692308 0.35697115384615385 0.18990384615384615 0.3293269230769231
2 0.8701923076923077 0.04326923076923077 0.051682692307692304 0.08653846153846154
1 0.8737980769230769 0.48197115384615385 0.24879807692307693 0.49278846153846156
1 0.27403846153846156 0.046875 0.15865384615384615 0.09375
2 0.3870192307692308 0.05048076923076923 0.054086538461538464 0.10096153846153846
1 0.11177884615384616 0.5360576923076923 0.22235576923076922 0.36177884615384615
1 0.3942307692307692 0.6189903846153846 0.28725961538461536 0.4639423076923077
1 0.5072115384615384 0.07692307692307693 0.12980769230769232 0.15384615384615385
2 0.9495192307692307 0.15264423076923078 0.0733173076923077 0.203125
1 0.7860576923076923 0.15745192307692307 0.1778846153846154 0.25
1 0.31490384615384615 0.17427884615384615 0.1658653846153846 0.2247596153846154
1 0.5504807692307693 0.18509615384615385 0.16346153846153846 0.23197115384615385
2 0.06129807692307692 0.28125 0.09495192307692307 0.18509615384615385