1 0.47836538461538464 0.3293269230769231 0.18870192307692307 0.3269230769230769
2 0.8653846153846154 0.03125 0.052884615384615384 0.0625
1 0.8713942307692307 0.453125 0.25240384615384615 0.4891826923076923
1 0.27283653846153844 0.03485576923076923 0.16105769230769232 0.06971153846153846
2 0.3858173076923077 0.038461538461538464 0.055288461538461536 0.07692307692307693
1 0.11057692307692307 0.5072115384615384 0.22115384615384615 0.359375
1 0.39302884615384615 0.5901442307692307 0.2848557692307692 0.46033653846153844
1 0.5048076923076923 0.06370192307692307 0.12980769230769232 0.12740384615384615
2 0.9447115384615384 0.12620192307692307 0.0733173076923077 0.20192307692307693
1 0.78125 0.1310096153846154 0.17668269230769232 0.24879807692307693
1 0.3137019230769231 0.14783653846153846 0.16466346153846154 0.22355769230769232
1 0.5480769230769231 0.15865384615384615 0.1622596153846154 0.23076923076923078
2 0.06129807692307692 0.2536057692307692 0.09375 0.18389423076923078