1 0.49759615384615385 0.3629807692307692 0.17307692307692307 0.3088942307692308
1 0.8846153846153846 0.515625 0.22596153846153846 0.5036057692307693
1 0.11538461538461539 0.5516826923076923 0.23076923076923078 0.3894230769230769
2 0.4026442307692308 0.057692307692307696 0.06129807692307692 0.1141826923076923
1 0.41346153846153844 0.6105769230769231 0.28365384615384615 0.4723557692307692
1 0.28365384615384615 0.0625 0.13942307692307693 0.125
2 0.8966346153846154 0.0625 0.06610576923076923 0.125
1 0.5216346153846154 0.078125 0.13942307692307693 0.15625
1 0.8016826923076923 0.19230769230769232 0.17307692307692307 0.2608173076923077
1 0.33653846153846156 0.19951923076923078 0.14783653846153846 0.24639423076923078
2 0.9603365384615384 0.20793269230769232 0.07572115384615384 0.21514423076923078
1 0.5673076923076923 0.20793269230769232 0.15745192307692307 0.25
2 0.07091346153846154 0.3088942307692308 0.078125 0.19471153846153846