1 0.4807692307692308 0.3425480769230769 0.1778846153846154 0.3161057692307692
1 0.8798076923076923 0.4987980769230769 0.23557692307692307 0.5144230769230769
1 0.1045673076923077 0.5360576923076923 0.20793269230769232 0.39663461538461536
2 0.3870192307692308 0.046875 0.0673076923076923 0.09375
1 0.3954326923076923 0.5961538461538461 0.28966346153846156 0.48197115384615385
1 0.2644230769230769 0.051682692307692304 0.14543269230769232 0.10336538461538461
2 0.890625 0.051682692307692304 0.06971153846153846 0.10336538461538461
1 0.5072115384615384 0.0673076923076923 0.14543269230769232 0.1346153846153846
1 0.7920673076923077 0.16826923076923078 0.1778846153846154 0.265625
1 0.3161057692307692 0.17548076923076922 0.15144230769230768 0.2512019230769231
2 0.9555288461538461 0.18269230769230768 0.07932692307692307 0.21634615384615385
1 0.5528846153846154 0.18389423076923078 0.16105769230769232 0.2548076923076923
2 0.04447115384615385 0.28725961538461536 0.07932692307692307 0.19831730769230768