1 0.5048076923076923 0.34975961538461536 0.17548076923076922 0.3137019230769231
1 0.890625 0.5048076923076923 0.21514423076923078 0.5108173076923077
1 0.11778846153846154 0.5420673076923077 0.23557692307692307 0.39663461538461536
2 0.4110576923076923 0.051682692307692304 0.0673076923076923 0.10336538461538461
1 0.41947115384615385 0.6021634615384616 0.28725961538461536 0.47836538461538464
1 0.28966346153846156 0.056490384615384616 0.14302884615384615 0.11298076923076923
2 0.9098557692307693 0.056490384615384616 0.06971153846153846 0.11298076923076923
1 0.5300480769230769 0.07211538461538461 0.14302884615384615 0.14423076923076922
1 0.8125 0.1778846153846154 0.17548076923076922 0.2644230769230769
1 0.34134615384615385 0.18509615384615385 0.1502403846153846 0.25
2 0.9663461538461539 0.1935096153846154 0.0625 0.21875
1 0.5757211538461539 0.1935096153846154 0.15985576923076922 0.2536057692307692
2 0.07211538461538461 0.2956730769230769 0.078125 0.1971153846153846