1 0.4951923076923077 0.3545673076923077 0.1935096153846154 0.2980769230769231
1 0.9002403846153846 0.5588942307692307 0.19591346153846154 0.5360576923076923
1 0.10697115384615384 0.5649038461538461 0.21394230769230768 0.38461538461538464
1 0.41586538461538464 0.6165865384615384 0.31850961538461536 0.4639423076923077
1 0.27884615384615385 0.052884615384615384 0.13942307692307693 0.10576923076923077
2 0.38100961538461536 0.054086538461538464 0.06850961538461539 0.10817307692307693
1 0.8040865384615384 0.06009615384615385 0.14182692307692307 0.1201923076923077
1 0.5252403846153846 0.0673076923076923 0.14182692307692307 0.1346153846153846
2 0.9423076923076923 0.07572115384615384 0.0733173076923077 0.15144230769230768
1 0.5673076923076923 0.17668269230769232 0.14423076923076922 0.2512019230769231
1 0.33413461538461536 0.18870192307692307 0.16706730769230768 0.2548076923076923
1 0.828125 0.19591346153846154 0.16466346153846154 0.2692307692307692
2 0.984375 0.25 0.026442307692307692 0.2127403846153846
2 0.04326923076923077 0.3161057692307692 0.08653846153846154 0.20432692307692307