1 0.5 0.3798076923076923 0.19230769230769232 0.296875
1 0.9014423076923077 0.5841346153846154 0.19230769230769232 0.5324519230769231
1 0.109375 0.5889423076923077 0.21875 0.3786057692307692
1 0.421875 0.640625 0.3173076923076923 0.46033653846153844
1 0.2824519230769231 0.06490384615384616 0.13701923076923078 0.12980769230769232
2 0.38461538461538464 0.06610576923076923 0.06610576923076923 0.13221153846153846
1 0.8052884615384616 0.07211538461538461 0.13942307692307693 0.14423076923076922
1 0.5276442307692307 0.07932692307692307 0.13701923076923078 0.15865384615384615
2 0.9435096153846154 0.0889423076923077 0.07091346153846154 0.171875
1 0.5721153846153846 0.203125 0.14302884615384615 0.25
1 0.3389423076923077 0.21634615384615385 0.16706730769230768 0.2536057692307692
1 0.8305288461538461 0.22355769230769232 0.16466346153846154 0.26802884615384615
2 0.9855769230769231 0.2764423076923077 0.02403846153846154 0.21033653846153846
2 0.04927884615384615 0.3425480769230769 0.08413461538461539 0.19951923076923078