1 0.49038461538461536 0.3557692307692308 0.1875 0.28846153846153844
1 0.8930288461538461 0.5540865384615384 0.21033653846153846 0.5168269230769231
1 0.10817307692307693 0.5588942307692307 0.21634615384615385 0.36778846153846156
1 0.41466346153846156 0.609375 0.3076923076923077 0.4483173076923077
1 0.28125 0.057692307692307696 0.13221153846153846 0.1141826923076923
2 0.3798076923076923 0.05889423076923077 0.06610576923076923 0.11778846153846154
1 0.7896634615384616 0.06490384615384616 0.13701923076923078 0.12980769230769232
1 0.5192307692307693 0.07091346153846154 0.1346153846153846 0.14182692307692307
2 0.9230769230769231 0.08052884615384616 0.07211538461538461 0.16105769230769232
1 0.5600961538461539 0.18389423076923078 0.13942307692307693 0.24278846153846154
1 0.33413461538461536 0.19591346153846154 0.1622596153846154 0.24639423076923078
1 0.8125 0.203125 0.15985576923076922 0.2608173076923077
2 0.9747596153846154 0.2548076923076923 0.04567307692307692 0.20432692307692307
2 0.052884615384615384 0.31971153846153844 0.08173076923076923 0.19471153846153846