2 0.04807692307692308 0.3557692307692308 0.08413461538461539 0.171875
1 0.49278846153846156 0.38221153846153844 0.171875 0.35216346153846156
1 0.10096153846153846 0.6189903846153846 0.20192307692307693 0.39663461538461536
1 0.8870192307692307 0.6262019230769231 0.22115384615384615 0.5480769230769231
1 0.4014423076923077 0.6358173076923077 0.296875 0.4375
2 0.34375 0.06850961538461539 0.05889423076923077 0.11057692307692307
1 0.2620192307692308 0.07451923076923077 0.11778846153846154 0.14783653846153846
1 0.7872596153846154 0.078125 0.14903846153846154 0.15504807692307693
1 0.5264423076923077 0.08173076923076923 0.15384615384615385 0.16346153846153846
2 0.9411057692307693 0.15384615384615385 0.07211538461538461 0.1971153846153846
1 0.33653846153846156 0.21153846153846154 0.1466346153846154 0.24519230769230768
1 0.5625 0.21514423076923078 0.16105769230769232 0.24519230769230768
1 0.8149038461538461 0.2512019230769231 0.171875 0.24879807692307693