2 0.038461538461538464 0.3473557692307692 0.07692307692307693 0.17908653846153846
1 0.4879807692307692 0.3737980769230769 0.17668269230769232 0.359375
1 0.09495192307692307 0.6141826923076923 0.18990384615384615 0.40625
1 0.8882211538461539 0.6213942307692307 0.21875 0.5600961538461539
1 0.3942307692307692 0.6322115384615384 0.30408653846153844 0.44711538461538464
2 0.33653846153846156 0.056490384615384616 0.0625 0.11298076923076923
1 0.2512019230769231 0.0673076923076923 0.12139423076923077 0.13341346153846154
1 0.7908653846153846 0.07091346153846154 0.15384615384615385 0.140625
1 0.5216346153846154 0.07451923076923077 0.15625 0.14783653846153846
2 0.9483173076923077 0.13942307692307693 0.07451923076923077 0.20072115384615385
1 0.3269230769230769 0.19951923076923078 0.15144230769230768 0.25
1 0.5588942307692307 0.20192307692307693 0.16466346153846154 0.25
1 0.8185096153846154 0.23918269230769232 0.17668269230769232 0.2536057692307692