2 0.03245192307692308 0.3641826923076923 0.06370192307692307 0.18509615384615385
1 0.4831730769230769 0.3918269230769231 0.18028846153846154 0.36899038461538464
1 0.0889423076923077 0.6394230769230769 0.1778846153846154 0.4170673076923077
1 0.8882211538461539 0.6466346153846154 0.21754807692307693 0.5757211538461539
1 0.3870192307692308 0.6574519230769231 0.31009615384615385 0.46033653846153844
2 0.3269230769230769 0.06129807692307692 0.06129807692307692 0.11538461538461539
1 0.24158653846153846 0.0733173076923077 0.12740384615384615 0.1466346153846154
1 0.7932692307692307 0.07692307692307693 0.15865384615384615 0.15384615384615385
1 0.5180288461538461 0.08052884615384616 0.16105769230769232 0.16105769230769232
2 0.953125 0.1502403846153846 0.07572115384615384 0.20673076923076922
1 0.31850961538461536 0.21153846153846154 0.15384615384615385 0.25721153846153844
1 0.5552884615384616 0.21514423076923078 0.16826923076923078 0.25721153846153844
1 0.8197115384615384 0.2536057692307692 0.18028846153846154 0.2608173076923077