2 0.039663461538461536 0.38221153846153844 0.07932692307692307 0.17908653846153846
1 0.4891826923076923 0.4230769230769231 0.18389423076923078 0.33774038461538464
1 0.09134615384615384 0.6514423076923077 0.18269230769230768 0.3894230769230769
1 0.39302884615384615 0.6742788461538461 0.28846153846153844 0.48197115384615385
1 0.9074519230769231 0.6899038461538461 0.1814903846153846 0.5841346153846154
1 0.2692307692307692 0.078125 0.14903846153846154 0.15625
1 0.7920673076923077 0.08653846153846154 0.15625 0.17307692307692307
1 0.5252403846153846 0.09375 0.14903846153846154 0.18629807692307693
2 0.27163461538461536 0.11778846153846154 0.07932692307692307 0.15144230769230768
2 0.9663461538461539 0.21153846153846154 0.0625 0.23197115384615385
1 0.3269230769230769 0.23076923076923078 0.15625 0.24278846153846154
1 0.5709134615384616 0.23918269230769232 0.1466346153846154 0.23918269230769232
1 0.8221153846153846 0.28125 0.1971153846153846 0.27524038461538464