2 0.04447115384615385 0.37259615384615385 0.08774038461538461 0.171875
1 0.49038461538461536 0.41346153846153844 0.17908653846153846 0.33052884615384615
1 0.09375 0.6358173076923077 0.1875 0.3762019230769231
1 0.3954326923076923 0.6598557692307693 0.2800480769230769 0.4723557692307692
1 0.9026442307692307 0.6754807692307693 0.18990384615384615 0.5721153846153846
1 0.27524038461538464 0.07572115384615384 0.14302884615384615 0.15144230769230768
1 0.7836538461538461 0.08533653846153846 0.15384615384615385 0.17067307692307693
1 0.5252403846153846 0.09134615384615384 0.14423076923076922 0.18269230769230768
2 0.27884615384615385 0.11538461538461539 0.07692307692307693 0.14783653846153846
2 0.9543269230769231 0.20552884615384615 0.06370192307692307 0.22355769230769232
1 0.3317307692307692 0.22596153846153846 0.15144230769230768 0.23798076923076922
1 0.5685096153846154 0.234375 0.14302884615384615 0.234375
1 0.8137019230769231 0.2764423076923077 0.19230769230769232 0.2692307692307692