2 0.03365384615384615 0.35216346153846156 0.0673076923076923 0.18509615384615385
1 0.4795673076923077 0.39302884615384615 0.18509615384615385 0.3425480769230769
1 0.08533653846153846 0.625 0.17067307692307693 0.3942307692307692
1 0.38221153846153844 0.6478365384615384 0.29086538461538464 0.4891826923076923
1 0.9038461538461539 0.6646634615384616 0.1875 0.5925480769230769
1 0.25721153846153844 0.06129807692307692 0.14783653846153846 0.12139423076923077
1 0.7848557692307693 0.06971153846153846 0.15745192307692307 0.13942307692307693
1 0.5168269230769231 0.07692307692307693 0.1502403846153846 0.15384615384615385
2 0.2608173076923077 0.08413461538461539 0.07932692307692307 0.15384615384615385
2 0.9627403846153846 0.17668269230769232 0.06610576923076923 0.23197115384615385
1 0.3161057692307692 0.19831730769230768 0.15745192307692307 0.24639423076923078
1 0.5625 0.20673076923076922 0.14783653846153846 0.24278846153846154
1 0.8161057692307693 0.25 0.19951923076923078 0.27884615384615385