1 0.49158653846153844 0.39302884615384615 0.18389423076923078 0.3173076923076923
2 0.042067307692307696 0.39663461538461536 0.08413461538461539 0.19951923076923078
1 0.3798076923076923 0.6586538461538461 0.3088942307692308 0.4891826923076923
1 0.09735576923076923 0.6814903846153846 0.19471153846153846 0.43509615384615385
1 0.90625 0.7115384615384616 0.1814903846153846 0.5685096153846154
1 0.2764423076923077 0.07932692307692307 0.17067307692307693 0.15865384615384615
1 0.5240384615384616 0.08774038461538461 0.1346153846153846 0.17548076923076922
1 0.7944711538461539 0.10697115384615384 0.15264423076923078 0.1935096153846154
2 0.23197115384615385 0.15504807692307693 0.08173076923076923 0.15144230769230768
1 0.5649038461538461 0.23076923076923078 0.13822115384615385 0.21394230769230768
1 0.33052884615384615 0.24278846153846154 0.15264423076923078 0.24519230769230768
2 0.9699519230769231 0.2704326923076923 0.054086538461538464 0.25841346153846156
1 0.8317307692307693 0.30649038461538464 0.18629807692307693 0.2620192307692308