1 0.4879807692307692 0.39663461538461536 0.18389423076923078 0.3173076923076923
2 0.039663461538461536 0.40024038461538464 0.07932692307692307 0.19951923076923078
1 0.375 0.6622596153846154 0.3088942307692308 0.4891826923076923
1 0.09495192307692307 0.6838942307692307 0.18990384615384615 0.43509615384615385
1 0.9050480769230769 0.7139423076923077 0.18629807692307693 0.5661057692307693
1 0.27163461538461536 0.08173076923076923 0.17307692307692307 0.16346153846153846
1 0.5192307692307693 0.09014423076923077 0.1346153846153846 0.17908653846153846
1 0.7896634615384616 0.11057692307692307 0.15264423076923078 0.1935096153846154
2 0.22716346153846154 0.15865384615384615 0.08173076923076923 0.15144230769230768
1 0.5600961538461539 0.234375 0.13822115384615385 0.21394230769230768
1 0.32572115384615385 0.24639423076923078 0.15264423076923078 0.24519230769230768
2 0.96875 0.27403846153846156 0.05889423076923077 0.25841346153846156
1 0.8269230769230769 0.31009615384615385 0.18629807692307693 0.2620192307692308