1 0.5012019230769231 0.390625 0.18870192307692307 0.3245192307692308
2 0.042067307692307696 0.3942307692307692 0.08413461538461539 0.20432692307692307
1 0.3858173076923077 0.6622596153846154 0.3161057692307692 0.5
1 0.0985576923076923 0.6850961538461539 0.1971153846153846 0.4423076923076923
1 0.9146634615384616 0.7115384615384616 0.16466346153846154 0.5709134615384616
1 0.2800480769230769 0.07572115384615384 0.17427884615384615 0.15144230769230768
1 0.5336538461538461 0.08533653846153846 0.13942307692307693 0.17067307692307693
1 0.8100961538461539 0.0985576923076923 0.15625 0.1971153846153846
2 0.234375 0.14783653846153846 0.08413461538461539 0.15504807692307693
1 0.5757211538461539 0.2247596153846154 0.14182692307692307 0.21875
1 0.33653846153846156 0.23798076923076922 0.15625 0.25
2 0.9807692307692307 0.265625 0.03485576923076923 0.2644230769230769
1 0.8485576923076923 0.30288461538461536 0.19110576923076922 0.26802884615384615