2 0.9783653846153846 0.3269230769230769 0.037259615384615384 0.27524038461538464
1 0.46875 0.38341346153846156 0.18990384615384615 0.3317307692307692
1 0.3581730769230769 0.6862980769230769 0.33052884615384615 0.578125
1 0.0673076923076923 0.6983173076923077 0.13341346153846154 0.48197115384615385
1 0.8990384615384616 0.7307692307692307 0.1971153846153846 0.5324519230769231
1 0.23557692307692307 0.07692307692307693 0.15745192307692307 0.15384615384615385
1 0.4963942307692308 0.08052884615384616 0.15745192307692307 0.16105769230769232
1 0.7836538461538461 0.0985576923076923 0.16947115384615385 0.19591346153846154
2 0.1622596153846154 0.17307692307692307 0.07932692307692307 0.2247596153846154
1 0.5360576923076923 0.19951923076923078 0.1622596153846154 0.23557692307692307
1 0.29447115384615385 0.22355769230769232 0.16706730769230768 0.24639423076923078
1 0.8293269230769231 0.3016826923076923 0.21394230769230768 0.3317307692307692