2 0.9867788461538461 0.34375 0.021634615384615384 0.2764423076923077
1 0.48197115384615385 0.4014423076923077 0.19110576923076922 0.33413461538461536
1 0.3713942307692308 0.7055288461538461 0.3329326923076923 0.5829326923076923
1 0.0733173076923077 0.7175480769230769 0.1466346153846154 0.4855769230769231
1 0.90625 0.7391826923076923 0.1814903846153846 0.5144230769230769
1 0.24879807692307693 0.08533653846153846 0.16105769230769232 0.17067307692307693
1 0.5108173076923077 0.0889423076923077 0.16105769230769232 0.1778846153846154
1 0.7992788461538461 0.10697115384615384 0.17067307692307693 0.21394230769230768
2 0.17427884615384615 0.18870192307692307 0.08052884615384616 0.22716346153846154
1 0.5504807692307693 0.21634615384615385 0.1622596153846154 0.23798076923076922
1 0.3076923076923077 0.23918269230769232 0.16706730769230768 0.24879807692307693
1 0.8449519230769231 0.31850961538461536 0.21514423076923078 0.33413461538461536