1 0.5012019230769231 0.4266826923076923 0.19110576923076922 0.33413461538461536
1 0.3918269230769231 0.7175480769230769 0.33533653846153844 0.5576923076923077
1 0.0829326923076923 0.7427884615384616 0.16466346153846154 0.4855769230769231
1 0.9158653846153846 0.7512019230769231 0.1622596153846154 0.4891826923076923
1 0.2668269230769231 0.09735576923076923 0.15625 0.1875
1 0.5288461538461539 0.10096153846153846 0.15625 0.19471153846153846
1 0.8173076923076923 0.1201923076923077 0.16706730769230768 0.22716346153846154
2 0.1935096153846154 0.21394230769230768 0.08052884615384616 0.22716346153846154
1 0.5697115384615384 0.24158653846153846 0.1622596153846154 0.23798076923076922
1 0.3269230769230769 0.2644230769230769 0.16706730769230768 0.24879807692307693
1 0.8641826923076923 0.34375 0.21514423076923078 0.33413461538461536