1 0.84375 0.4050480769230769 0.21634615384615385 0.36177884615384615
1 0.48197115384615385 0.4170673076923077 0.1814903846153846 0.36538461538461536
2 0.8882211538461539 0.07091346153846154 0.06370192307692307 0.14182692307692307
1 0.3737980769230769 0.6911057692307693 0.3389423076923077 0.4795673076923077
1 0.06610576923076923 0.7740384615384616 0.13221153846153846 0.44471153846153844
1 0.9074519230769231 0.7896634615384616 0.17908653846153846 0.41346153846153844
1 0.515625 0.10336538461538461 0.140625 0.20673076923076922
1 0.24158653846153846 0.10216346153846154 0.16105769230769232 0.203125
1 0.8028846153846154 0.14423076923076922 0.15264423076923078 0.21394230769230768
1 0.5516826923076923 0.23076923076923078 0.15865384615384615 0.24158653846153846
1 0.31850961538461536 0.2704326923076923 0.15504807692307693 0.2512019230769231
2 0.1466346153846154 0.28846153846153844 0.07451923076923077 0.265625