1 0.8497596153846154 0.39663461538461536 0.21754807692307693 0.36658653846153844
1 0.484375 0.40865384615384615 0.18389423076923078 0.3701923076923077
2 0.8942307692307693 0.06490384615384616 0.06370192307692307 0.12980769230769232
1 0.375 0.6875 0.34134615384615385 0.4855769230769231
1 0.06610576923076923 0.7704326923076923 0.13221153846153846 0.4543269230769231
1 0.9110576923076923 0.7872596153846154 0.17427884615384615 0.41947115384615385
1 0.5192307692307693 0.0985576923076923 0.14423076923076922 0.1971153846153846
1 0.24278846153846154 0.0985576923076923 0.16826923076923078 0.1971153846153846
1 0.8088942307692307 0.13341346153846154 0.15384615384615385 0.21634615384615385
1 0.5552884615384616 0.21995192307692307 0.16105769230769232 0.24519230769230768
1 0.31850961538461536 0.2608173076923077 0.15625 0.2548076923076923
2 0.14543269230769232 0.2776442307692308 0.07572115384615384 0.2692307692307692