1 0.8545673076923077 0.39783653846153844 0.21634615384615385 0.3641826923076923
1 0.49038461538461536 0.4098557692307692 0.18269230769230768 0.36778846153846156
2 0.8990384615384616 0.06610576923076923 0.06370192307692307 0.13221153846153846
1 0.38221153846153844 0.6862980769230769 0.3401442307692308 0.4831730769230769
1 0.06971153846153846 0.7704326923076923 0.13942307692307693 0.4519230769230769
1 0.9134615384615384 0.7860576923076923 0.16947115384615385 0.4206730769230769
1 0.5264423076923077 0.09975961538461539 0.14423076923076922 0.19951923076923078
1 0.2512019230769231 0.09975961538461539 0.1658653846153846 0.19951923076923078
1 0.8137019230769231 0.13581730769230768 0.15264423076923078 0.21514423076923078
1 0.5612980769230769 0.22235576923076922 0.15985576923076922 0.24278846153846154
1 0.3269230769230769 0.2620192307692308 0.15504807692307693 0.2536057692307692
2 0.15384615384615385 0.2800480769230769 0.07572115384615384 0.2668269230769231