2 0.13341346153846154 0.3605769230769231 0.07692307692307693 0.3137019230769231
1 0.4951923076923077 0.45072115384615385 0.203125 0.3870192307692308
1 0.8581730769230769 0.4519230769230769 0.24278846153846154 0.39783653846153844
1 0.3641826923076923 0.7271634615384616 0.33533653846153844 0.5252403846153846
1 0.05889423076923077 0.7944711538461539 0.11778846153846154 0.4050480769230769
2 0.921875 0.08533653846153846 0.06490384615384616 0.17067307692307693
1 0.23798076923076922 0.09735576923076923 0.171875 0.1935096153846154
1 0.5048076923076923 0.09735576923076923 0.18028846153846154 0.1935096153846154
1 0.8137019230769231 0.15985576923076922 0.17307692307692307 0.25721153846153844
1 0.5733173076923077 0.25 0.17307692307692307 0.23197115384615385
1 0.3076923076923077 0.2800480769230769 0.18990384615384615 0.2920673076923077