2 0.13341346153846154 0.32572115384615385 0.078125 0.31971153846153844
1 0.5024038461538461 0.4170673076923077 0.20793269230769232 0.3954326923076923
1 0.8713942307692307 0.41947115384615385 0.24759615384615385 0.40625
1 0.36899038461538464 0.6995192307692307 0.3425480769230769 0.5360576923076923
1 0.05889423076923077 0.7788461538461539 0.11778846153846154 0.43509615384615385
2 0.9350961538461539 0.06490384615384616 0.06370192307692307 0.12980769230769232
1 0.2403846153846154 0.078125 0.1778846153846154 0.15625
1 0.5120192307692307 0.078125 0.1875 0.15625
1 0.828125 0.12740384615384615 0.17908653846153846 0.2548076923076923
1 0.5817307692307693 0.2127403846153846 0.17668269230769232 0.23798076923076922
1 0.3112980769230769 0.24278846153846154 0.1935096153846154 0.2980769230769231