2 0.14302884615384615 0.3557692307692308 0.07572115384615384 0.3088942307692308
1 0.5 0.44471153846153844 0.20072115384615385 0.38221153846153844
1 0.8569711538461539 0.44591346153846156 0.23918269230769232 0.3918269230769231
1 0.3713942307692308 0.7175480769230769 0.33052884615384615 0.5168269230769231
1 0.06370192307692307 0.7896634615384616 0.12740384615384615 0.41346153846153844
2 0.9194711538461539 0.08413461538461539 0.06490384615384616 0.16826923076923078
1 0.24639423076923078 0.09615384615384616 0.17067307692307693 0.19230769230769232
1 0.5108173076923077 0.09615384615384616 0.18028846153846154 0.19230769230769232
1 0.8137019230769231 0.15745192307692307 0.17067307692307693 0.2536057692307692
1 0.5769230769230769 0.24639423076923078 0.17067307692307693 0.22956730769230768
1 0.31490384615384615 0.2764423076923077 0.1875 0.28846153846153844