1 0.484375 0.4675480769230769 0.19591346153846154 0.3449519230769231
2 0.055288461538461536 0.5576923076923077 0.0829326923076923 0.35216346153846156
1 0.8786057692307693 0.6057692307692307 0.23798076923076922 0.4495192307692308
1 0.6526442307692307 0.06850961538461539 0.171875 0.13701923076923078
1 0.3449519230769231 0.75 0.34615384615384615 0.49278846153846156
1 0.5072115384615384 0.11778846153846154 0.14903846153846154 0.23557692307692307
1 0.21514423076923078 0.14182692307692307 0.15985576923076922 0.234375
2 0.9603365384615384 0.17668269230769232 0.07091346153846154 0.21634615384615385
1 0.8377403846153846 0.2536057692307692 0.16466346153846154 0.2764423076923077
1 0.5721153846153846 0.2860576923076923 0.17668269230769232 0.24879807692307693
1 0.2920673076923077 0.3112980769230769 0.17427884615384615 0.29086538461538464