1 0.49399038461538464 0.4567307692307692 0.19591346153846154 0.3449519230769231
2 0.06490384615384616 0.546875 0.0829326923076923 0.35216346153846156
1 0.8834134615384616 0.5949519230769231 0.2283653846153846 0.4495192307692308
1 0.6610576923076923 0.06370192307692307 0.17307692307692307 0.12740384615384615
1 0.3545673076923077 0.7451923076923077 0.34615384615384615 0.5036057692307693
1 0.5168269230769231 0.11177884615384616 0.1466346153846154 0.22355769230769232
1 0.22355769230769232 0.1310096153846154 0.15985576923076922 0.234375
2 0.9663461538461539 0.16706730769230768 0.06370192307692307 0.21995192307692307
1 0.8461538461538461 0.24278846153846154 0.16466346153846154 0.2764423076923077
1 0.5817307692307693 0.27524038461538464 0.17668269230769232 0.24879807692307693
1 0.3016826923076923 0.3004807692307692 0.17427884615384615 0.29086538461538464