1 0.4699519230769231 0.4387019230769231 0.1971153846153846 0.3473557692307692
2 0.042067307692307696 0.53125 0.0829326923076923 0.3581730769230769
1 0.8701923076923077 0.5757211538461539 0.24639423076923078 0.4495192307692308
1 0.6382211538461539 0.052884615384615384 0.17307692307692307 0.1045673076923077
1 0.3293269230769231 0.7319711538461539 0.34615384615384615 0.5144230769230769
1 0.49278846153846156 0.10216346153846154 0.14903846153846154 0.20432692307692307
1 0.20072115384615385 0.11658653846153846 0.1658653846153846 0.23317307692307693
2 0.9483173076923077 0.14543269230769232 0.07091346153846154 0.21754807692307693
1 0.8245192307692307 0.22235576923076922 0.1658653846153846 0.27884615384615385
1 0.5576923076923077 0.25600961538461536 0.1778846153846154 0.25
1 0.2776442307692308 0.28125 0.17548076923076922 0.2932692307692308