1 0.49278846153846156 0.4699519230769231 0.21033653846153846 0.3581730769230769
2 0.046875 0.6322115384615384 0.09375 0.36778846153846156
1 0.8834134615384616 0.6887019230769231 0.2283653846153846 0.4831730769230769
1 0.35216346153846156 0.7463942307692307 0.35216346153846156 0.5
1 0.6790865384615384 0.07451923076923077 0.18990384615384615 0.14903846153846154
1 0.5108173076923077 0.1141826923076923 0.1466346153846154 0.20192307692307693
1 0.22235576923076922 0.140625 0.1622596153846154 0.21875
2 0.9699519230769231 0.25 0.055288461538461536 0.25
1 0.5793269230769231 0.27403846153846156 0.21634615384615385 0.2644230769230769
1 0.8413461538461539 0.28846153846153844 0.19831730769230768 0.2704326923076923
1 0.3088942307692308 0.30408653846153844 0.16706730769230768 0.2668269230769231