1 0.4855769230769231 0.4807692307692308 0.21394230769230768 0.3629807692307692
2 0.039663461538461536 0.6442307692307693 0.07932692307692307 0.3737980769230769
1 0.8822115384615384 0.7019230769230769 0.23076923076923078 0.4891826923076923
1 0.34134615384615385 0.7512019230769231 0.3581730769230769 0.4891826923076923
1 0.6754807692307693 0.078125 0.1971153846153846 0.15625
1 0.5048076923076923 0.1201923076923077 0.14903846153846154 0.20432692307692307
1 0.21033653846153846 0.1466346153846154 0.16466346153846154 0.22235576923076922
2 0.9711538461538461 0.25721153846153844 0.054086538461538464 0.2536057692307692
1 0.5733173076923077 0.28125 0.22115384615384615 0.26802884615384615
1 0.8401442307692307 0.2956730769230769 0.20192307692307693 0.27524038461538464
1 0.29927884615384615 0.3112980769230769 0.16947115384615385 0.27163461538461536