1 0.49759615384615385 0.4807692307692308 0.2091346153846154 0.3557692307692308
2 0.051682692307692304 0.6394230769230769 0.09375 0.36177884615384615
1 0.8858173076923077 0.6983173076923077 0.2247596153846154 0.4795673076923077
1 0.35697115384615385 0.7512019230769231 0.34975961538461536 0.4891826923076923
1 0.6814903846153846 0.07932692307692307 0.18629807692307693 0.15865384615384615
1 0.515625 0.12740384615384615 0.14543269230769232 0.19951923076923078
1 0.2283653846153846 0.15384615384615385 0.16105769230769232 0.21754807692307693
2 0.9711538461538461 0.2620192307692308 0.051682692307692304 0.24879807692307693
1 0.5829326923076923 0.2860576923076923 0.21634615384615385 0.2620192307692308
1 0.84375 0.3004807692307692 0.19831730769230768 0.2692307692307692
1 0.31490384615384615 0.3161057692307692 0.1658653846153846 0.265625