1 0.8533653846153846 0.3641826923076923 0.18990384615384615 0.3137019230769231
1 0.4891826923076923 0.4807692307692308 0.18990384615384615 0.36177884615384615
2 0.040865384615384616 0.7175480769230769 0.08173076923076923 0.36538461538461536
1 0.33653846153846156 0.7536057692307693 0.3798076923076923 0.48677884615384615
1 0.8894230769230769 0.765625 0.21754807692307693 0.46153846153846156
1 0.6983173076923077 0.10216346153846154 0.1875 0.203125
1 0.5108173076923077 0.14302884615384615 0.140625 0.23076923076923078
1 0.21394230769230768 0.16346153846153846 0.17908653846153846 0.21754807692307693
1 0.5841346153846154 0.3004807692307692 0.203125 0.2548076923076923
2 0.9831730769230769 0.3125 0.028846153846153848 0.23076923076923078
1 0.30408653846153844 0.3173076923076923 0.17427884615384615 0.2548076923076923