1 0.8701923076923077 0.3473557692307692 0.19591346153846154 0.32091346153846156
1 0.4951923076923077 0.46634615384615385 0.19591346153846154 0.3701923076923077
2 0.038461538461538464 0.7079326923076923 0.07692307692307693 0.3737980769230769
1 0.3389423076923077 0.7463942307692307 0.390625 0.5
1 0.8966346153846154 0.7584134615384616 0.20192307692307693 0.47475961538461536
1 0.7103365384615384 0.09134615384615384 0.1935096153846154 0.18269230769230768
1 0.5180288461538461 0.12139423076923077 0.14423076923076922 0.23557692307692307
1 0.2127403846153846 0.14302884615384615 0.18389423076923078 0.22235576923076922
1 0.5925480769230769 0.28125 0.2091346153846154 0.2608173076923077
2 0.9927884615384616 0.29447115384615385 0.009615384615384616 0.23557692307692307
1 0.30528846153846156 0.29927884615384615 0.17908653846153846 0.2608173076923077