1 0.8473557692307693 0.33774038461538464 0.1971153846153846 0.3245192307692308
1 0.4699519230769231 0.45913461538461536 0.1971153846153846 0.375
2 0.02403846153846154 0.703125 0.046875 0.3786057692307692
1 0.3125 0.7427884615384616 0.3942307692307692 0.5072115384615384
1 0.8846153846153846 0.7548076923076923 0.2247596153846154 0.48197115384615385
1 0.6875 0.08653846153846154 0.1971153846153846 0.17307692307692307
1 0.49399038461538464 0.11658653846153846 0.14783653846153846 0.23197115384615385
1 0.18389423076923078 0.12980769230769232 0.18509615384615385 0.2247596153846154
1 0.5685096153846154 0.27163461538461536 0.21153846153846154 0.2644230769230769
2 0.9819711538461539 0.28365384615384615 0.030048076923076924 0.23918269230769232
1 0.2776442307692308 0.28966346153846156 0.18028846153846154 0.2644230769230769